
###1time/s  2tem/K       3e33/pct   4s33/MPa       5g32/pct   6s32/MPa   7faza      8Ro/MPa   9iz     10bf_max 11kdmg
  0.000000   400.0     0.000000   0.000000     0.000000   0.000000  0.000000      0.000000     0     0.000000     0
     0.625  400.0     0.000893   0.625000     0.000000   0.000000  0.00000      0.000000     0     0.000000     0
      1.25  400.0     0.001786   1.250000     0.000000   0.000000  0.00000      0.000000     0     0.000000     0
      1.88  400.0     0.002679   1.875000     0.000000   0.000000  0.00000      0.000000     0     0.000000     0
       2.5  400.0     0.003571   2.500000     0.000000   0.000000  0.00000      0.000000     0     0.000000     0
      3.13  400.0     0.004464   3.125000     0.000000   0.000000  0.00000      0.000000     0     0.000000     0
      3.75  400.0     0.005357   3.750000     0.000000   0.000000  0.00000      0.000000     0     0.000000     0
      4.38  400.0     0.006250   4.375000     0.000000   0.000000  0.00000      0.000000     0     0.000000     0
         5  400.0     0.007143   5.000000     0.000000   0.000000  0.00000      0.000000     0     0.000000     0
      5.63  400.0     0.008036   5.625000     0.000000   0.000000  0.00000      0.000000     0     0.000000     0
      6.25  400.0     0.008929   6.250000     0.000000   0.000000  0.00000      0.000000     0     0.000000     0
      6.88  400.0     0.009821   6.875000     0.000000   0.000000  0.00000      0.000000     0     0.000000     0
       7.5  400.0     0.010714   7.500000     0.000000   0.000000  0.00000      0.000000     0     0.000000     0
      8.13  400.0     0.011607   8.125000     0.000000   0.000000  0.00000      0.000000     0     0.000000     0
      8.75  400.0     0.012500   8.750000     0.000000   0.000000  0.00000      0.000000     0     0.000000     0
      9.38  400.0     0.013393   9.375000     0.000000   0.000000  0.00000      0.000000     0     0.000000     0
        10  400.0     0.014286  10.000000     0.000000   0.000000  0.00000      0.000000     0     0.000000     0
      10.6  400.0     0.015179  10.625000     0.000000   0.000000  0.00000      0.000000     0     0.000000     0
      11.3  400.0     0.016071  11.250000     0.000000   0.000000  0.00000      0.000000     0     0.000000     0
      11.9  400.0     0.016964  11.875000     0.000000   0.000000  0.00000      0.000000     0     0.000000     0
      12.5  400.0     0.017857  12.500000     0.000000   0.000000  0.00000      0.000000     0     0.000000     0
      13.1  400.0     0.018750  13.125000     0.000000   0.000000  0.00000      0.000000     0     0.000000     0
      13.8  400.0     0.019643  13.750000     0.000000   0.000000  0.00000      0.000000     0     0.000000     0
      14.4  400.0     0.020536  14.375000     0.000000   0.000000  0.00000      0.000000     0     0.000000     0
        15  400.0     0.021429  15.000000     0.000000   0.000000  0.00000      0.000000     0     0.000000     0
      15.6  400.0     0.022321  15.625000     0.000000   0.000000  0.00000      0.000000     0     0.000000     0
      16.3  400.0     0.023214  16.250000     0.000000   0.000000  0.00000      0.000000     0     0.000000     0
      16.9  400.0     0.024107  16.875000     0.000000   0.000000  0.00000      0.000000     0     0.000000     0
      17.5  400.0     0.025000  17.500000     0.000000   0.000000  0.00000      0.000000     0     0.000000     0
      18.1  400.0     0.025893  18.125000     0.000000   0.000000  0.00000      0.000000     0     0.000000     0
      18.8  400.0     0.026786  18.750000     0.000000   0.000000  0.00000      0.000000     0     0.000000     0
      19.4  400.0     0.027679  19.375000     0.000000   0.000000  0.00000      0.000000     0     0.000000     0
        20  400.0     0.028571  20.000000     0.000000   0.000000  0.00000      0.000000     0     0.000000     0
      20.6  400.0     0.029464  20.625000     0.000000   0.000000  0.00000      0.000000     0     0.000000     0
      21.3  400.0     0.030357  21.250000     0.000000   0.000000  0.00000      0.000000     0     0.000000     0
      21.9  400.0     0.031250  21.875000     0.000000   0.000000  0.00000      0.000000     0     0.000000     0
      22.5  400.0     0.032143  22.500000     0.000000   0.000000  0.00000      0.000000     0     0.000000     0
      23.1  400.0     0.033036  23.125000     0.000000   0.000000  0.00000      0.000000     0     0.000000     0
      23.8  400.0     0.033929  23.750000     0.000000   0.000000  0.00000      0.000000     0     0.000000     0
      24.4  400.0     0.034821  24.375000     0.000000   0.000000  0.00000      0.000000     0     0.000000     0
        25  400.0     0.035714  25.000000     0.000000   0.000000  0.00000      0.000000     0     0.000000     0
      25.6  400.0     0.036607  25.625000     0.000000   0.000000  0.00000      0.000000     0     0.000000     0
      26.3  400.0     0.037500  26.250000     0.000000   0.000000  0.00000      0.000000     0     0.000000     0
      26.9  400.0     0.038393  26.875000     0.000000   0.000000  0.00000      0.000000     0     0.000000     0
      27.5  400.0     0.039286  27.500000     0.000000   0.000000  0.00000      0.000000     0     0.000000     0
      28.1  400.0     0.040179  28.125000     0.000000   0.000000  0.00000      0.000000     0     0.000000     0
      28.8  400.0     0.041071  28.750000     0.000000   0.000000  0.00000      0.000000     0     0.000000     0
      29.4  400.0     0.041964  29.375000     0.000000   0.000000  0.00000      0.000000     0     0.000000     0
        30  400.0     0.042857  30.000000     0.000000   0.000000  0.00000      0.000000     0     0.000000     0
      30.6  400.0     0.043750  30.625000     0.000000   0.000000  0.00000      0.000000     0     0.000000     0
      31.3  400.0     0.044643  31.250000     0.000000   0.000000  0.00000      0.000000     0     0.000000     0
      31.9  400.0     0.045536  31.875000     0.000000   0.000000  0.00000      0.000000     0     0.000000     0
      32.5  400.0     0.046429  32.500000     0.000000   0.000000  0.00000      0.000000     0     0.000000     0
      33.1  400.0     0.047321  33.125000     0.000000   0.000000  0.00000      0.000000     0     0.000000     0
      33.8  400.0     0.048214  33.750000     0.000000   0.000000  0.00000      0.000000     0     0.000000     0
      34.4  400.0     0.049107  34.375000     0.000000   0.000000  0.00000      0.000000     0     0.000000     0
        35  400.0     0.050000  35.000000     0.000000   0.000000  0.00000      0.000000     0     0.000000     0
      35.6  400.0     0.050893  35.625000     0.000000   0.000000  0.00000      0.000000     0     0.000000     0
      36.3  400.0     0.051786  36.250000     0.000000   0.000000  0.00000      0.000000     0     0.000000     0
      36.9  400.0     0.052679  36.875000     0.000000   0.000000  0.00000      0.000000     0     0.000000     0
      37.5  400.0     0.053571  37.500000     0.000000   0.000000  0.00000      0.000000     0     0.000000     0
      38.1  400.0     0.054464  38.125000     0.000000   0.000000  0.00000      0.000000     0     0.000000     0
      38.8  400.0     0.055357  38.750000     0.000000   0.000000  0.00000      0.000000     0     0.000000     0
      39.4  400.0     0.056250  39.375000     0.000000   0.000000  0.00000      0.000000     0     0.000000     0
        40  400.0     0.057143  40.000000     0.000000   0.000000  0.00000      0.000000     0     0.000000     0
      40.6  400.0     0.058036  40.625000     0.000000   0.000000  0.00000      0.000000     0     0.000000     0
      41.3  400.0     0.058929  41.250000     0.000000   0.000000  0.00000      0.000000     0     0.000000     0
      41.9  400.0     0.059821  41.875000     0.000000   0.000000  0.00000      0.000000     0     0.000000     0
      42.5  400.0     0.060714  42.500000     0.000000   0.000000  0.00000      0.000000     0     0.000000     0
      43.1  400.0     0.061607  43.125000     0.000000   0.000000  0.00000      0.000000     0     0.000000     0
      43.8  400.0     0.062500  43.750000     0.000000   0.000000  0.00000      0.000000     0     0.000000     0
      44.4  400.0     0.063393  44.375000     0.000000   0.000000  0.00000      0.000000     0     0.000000     0
        45  400.0     0.064286  45.000000     0.000000   0.000000  0.00000      0.000000     0     0.000000     0
      45.6  400.0     0.065179  45.625000     0.000000   0.000000  0.00000      0.000000     0     0.000000     0
      46.3  400.0     0.066071  46.250000     0.000000   0.000000  0.00000      0.000000     0     0.000000     0
      46.9  400.0     0.066964  46.875000     0.000000   0.000000  0.00000      0.000000     0     0.000000     0
      47.5  400.0     0.067857  47.500000     0.000000   0.000000  0.00000      0.000000     0     0.000000     0
      48.1  400.0     0.068750  48.125000     0.000000   0.000000  0.00000      0.000000     0     0.000000     0
      48.8  400.0     0.069643  48.750000     0.000000   0.000000  0.00000      0.000000     0     0.000000     0
      49.4  400.0     0.070536  49.375000     0.000000   0.000000  0.00000      0.000000     0     0.000000     0
        50  400.0     0.071429  50.000000     0.000000   0.000000  0.00000      0.000000     0     0.000000     0
      50.6  400.0     0.072321  50.625000     0.000000   0.000000  0.00000      0.000000     0     0.000000     0
      51.3  400.0     0.073214  51.250000     0.000000   0.000000  0.00000      0.000000     0     0.000000     0
      51.9  400.0     0.074107  51.875000     0.000000   0.000000  0.00000      0.000000     0     0.000000     0
      52.5  400.0     0.075000  52.500000     0.000000   0.000000  0.00000      0.000000     0     0.000000     0
      53.1  400.0     0.075893  53.125000     0.000000   0.000000  0.00000      0.000000     0     0.000000     0
      53.8  400.0     0.076786  53.750000     0.000000   0.000000  0.00000      0.000000     0     0.000000     0
      54.4  400.0     0.077679  54.375000     0.000000   0.000000  0.00000      0.000000     0     0.000000     0
        55  400.0     0.078571  55.000000     0.000000   0.000000  0.00000      0.000000     0     0.000000     0
      55.6  400.0     0.079464  55.625000     0.000000   0.000000  0.00000      0.000000     0     0.000000     0
      56.3  400.0     0.080357  56.250000     0.000000   0.000000  0.00000      0.000000     0     0.000000     0
      56.9  400.0     0.081250  56.875000     0.000000   0.000000  0.00000      0.000000     0     0.000000     0
      57.5  400.0     0.082143  57.500000     0.000000   0.000000  0.00000      0.000000     0     0.000000     0
      58.1  400.0     0.083036  58.125000     0.000000   0.000000  0.00000      0.000000     0     0.000000     0
      58.8  400.0     0.083929  58.750000     0.000000   0.000000  0.00000      0.000000     0     0.000000     0
      59.4  400.0     0.084821  59.375000     0.000000   0.000000  0.00000      0.000000     0     0.000000     0
        60  400.0     0.085714  60.000000     0.000000   0.000000  0.00000      0.000000     0     0.000000     0
      60.6  400.0     0.086607  60.625000     0.000000   0.000000  0.00000      0.000000     0     0.000000     0
      61.3  400.0     0.087500  61.250000     0.000000   0.000000  0.00000      0.000000     0     0.000000     0
      61.9  400.0     0.088393  61.875000     0.000000   0.000000  0.00000      0.000000     0     0.000000     0
      62.5  400.0     0.089286  62.500000     0.000000   0.000000  0.00000      0.000000     0     0.000000     0
      63.1  400.0     0.090179  63.125000     0.000000   0.000000  0.00000      0.000000     0     0.000000     0
      63.8  400.0     0.091071  63.750000     0.000000   0.000000  0.00000      0.000000     0     0.000000     0
      64.4  400.0     0.091964  64.375000     0.000000   0.000000  0.00000      0.000000     0     0.000000     0
        65  400.0     0.092857  65.000000     0.000000   0.000000  0.00000      0.000000     0     0.000000     0
      65.6  400.0     0.093750  65.625000     0.000000   0.000000  0.00000      0.000000     0     0.000000     0
      66.3  400.0     0.094643  66.250000     0.000000   0.000000  0.00000      0.000000     0     0.000000     0
      66.9  400.0     0.095536  66.875000     0.000000   0.000000  0.00000      0.000000     0     0.000000     0
      67.5  400.0     0.096429  67.500000     0.000000   0.000000  0.00000      0.000000     0     0.000000     0
      68.1  400.0     0.097321  68.125000     0.000000   0.000000  0.00000      0.000000     0     0.000000     0
      68.8  400.0     0.098214  68.750000     0.000000   0.000000  0.00000      0.000000     0     0.000000     0
      69.4  400.0     0.099107  69.375000     0.000000   0.000000  0.00000      0.000000     0     0.000000     0
        70  400.0     0.100000  70.000000     0.000000   0.000000  0.00000      0.000000     0     0.000000     0
      70.6  400.0     0.100893  70.625000     0.000000   0.000000  0.00000      0.000000     0     0.000000     0
      71.3  400.0     0.101786  71.250000     0.000000   0.000000  0.00000      0.000000     0     0.000000     0
      71.9  400.0     0.102679  71.875000     0.000000   0.000000  0.00000      0.000000     0     0.000000     0
      72.5  400.0     0.103571  72.500000     0.000000   0.000000  0.00000      0.000000     0     0.000000     0
      73.1  400.0     0.104464  73.125000     0.000000   0.000000  0.00000      0.000000     0     0.000000     0
      73.8  400.0     0.105357  73.750000     0.000000   0.000000  0.00000      0.000000     0     0.000000     0
      74.4  400.0     0.106250  74.375000     0.000000   0.000000  0.00000      0.000000     0     0.000000     0
        75  400.0     0.107143  75.000000     0.000000   0.000000  0.00000      0.000000     0     0.000000     0
      75.6  400.0     0.108036  75.625000     0.000000   0.000000  0.00000      0.000000     0     0.000000     0
      76.3  400.0     0.108929  76.250000     0.000000   0.000000  0.00000      0.000000     0     0.000000     0
      76.9  400.0     0.109821  76.875000     0.000000   0.000000  0.00000      0.000000     0     0.000000     0
      77.5  400.0     0.110714  77.500000     0.000000   0.000000  0.00000      0.000000     0     0.000000     0
      78.1  400.0     0.111607  78.125000     0.000000   0.000000  0.00000      0.000000     0     0.000000     0
      78.8  400.0     0.112500  78.750000     0.000000   0.000000  0.00000      0.000000     0     0.000000     0
      79.4  400.0     0.113393  79.375000     0.000000   0.000000  0.00000      0.000000     0     0.000000     0
        80  400.0     0.114286  80.000000     0.000000   0.000000  0.00000      0.000000     0     0.000000     0
      80.6  400.0     0.115179  80.625000     0.000000   0.000000  0.00000      0.000000     0     0.000000     0
      81.3  400.0     0.116071  81.250000     0.000000   0.000000  0.00000      0.000000     0     0.000000     0
      81.9  400.0     0.116964  81.875000     0.000000   0.000000  0.00000      0.000000     0     0.000000     0
      82.5  400.0     0.117857  82.500000     0.000000   0.000000  0.00000      0.000000     0     0.000000     0
      83.1  400.0     0.118750  83.125000     0.000000   0.000000  0.00000      0.000000     0     0.000000     0
      83.8  400.0     0.119643  83.750000     0.000000   0.000000  0.00000      0.000000     0     0.000000     0
      84.4  400.0     0.120536  84.375000     0.000000   0.000000  0.00000      0.000000     0     0.000000     0
        85  400.0     0.121429  85.000000     0.000000   0.000000  0.00000      0.000000     0     0.000000     0
      85.6  400.0     0.122321  85.625000     0.000000   0.000000  0.00000      0.000000     0     0.000000     0
      86.3  400.0     0.123214  86.250000     0.000000   0.000000  0.00000      0.000000     0     0.000000     0
      86.9  400.0     0.124107  86.875000     0.000000   0.000000  0.00000      0.000000     0     0.000000     0
      87.5  400.0     0.125000  87.500000     0.000000   0.000000  0.00000      0.000000     0     0.000000     0
      88.1  400.0     0.125893  88.125000     0.000000   0.000000  0.00000      0.000000     0     0.000000     0
      88.8  400.0     0.126786  88.750000     0.000000   0.000000  0.00000      0.000000     0     0.000000     0
      89.4  400.0     0.127679  89.375000     0.000000   0.000000  0.00000      0.000000     0     0.000000     0
        90  400.0     0.128571  90.000000     0.000000   0.000000  0.00000      0.000000     0     0.000000     0
      90.6  400.0     0.129464  90.625000     0.000000   0.000000  0.00000      0.000000     0     0.000000     0
      91.3  400.0     0.130357  91.250000     0.000000   0.000000  0.00000      0.000000     0     0.000000     0
      91.9  400.0     0.131250  91.875000     0.000000   0.000000  0.00000      0.000000     0     0.000000     0
      92.5  400.0     0.132143  92.500000     0.000000   0.000000  0.00000      0.000000     0     0.000000     0
      93.1  400.0     0.133036  93.125000     0.000000   0.000000  0.00000      0.000000     0     0.000000     0
      93.8  400.0     0.133929  93.750000     0.000000   0.000000  0.00000      0.000000     0     0.000000     0
      94.4  400.0     0.134821  94.375000     0.000000   0.000000  0.00000      0.000000     0     0.000000     0
        95  400.0     0.135714  95.000000     0.000000   0.000000  0.00000      0.000000     0     0.000000     0
      95.6  400.0     0.136607  95.625000     0.000000   0.000000  0.00000      0.000000     0     0.000000     0
      96.3  400.0     0.137500  96.250000     0.000000   0.000000  0.00000      0.000000     0     0.000000     0
      96.9  400.0     0.138393  96.875000     0.000000   0.000000  0.00000      0.000000     0     0.000000     0
      97.5  400.0     0.139286  97.500000     0.000000   0.000000  0.00000      0.000000     0     0.000000     0
      98.1  400.0     0.140179  98.125000     0.000000   0.000000  0.00000      0.000000     0     0.000000     0
      98.8  400.0     0.141071  98.750000     0.000000   0.000000  0.00000      0.000000     0     0.000000     0
      99.4  400.0     0.141964  99.375000     0.000000   0.000000  0.00000      0.000000     0     0.000000     0
       100  400.0     0.142857  100.000000     0.000000   0.000000  0.00000      0.000000     0     0.000000     0
       101  399.0     0.141757  100.000000     0.000000   0.000000  0.00000      0.000000     0     0.000000     0
       102  398.0     0.140657  100.000000     0.000000   0.000000  0.00000      0.000000     0     0.000000     0
       103  397.0     0.139557  100.000000     0.000000   0.000000  0.00000      0.000000     0     0.000000     0
       104  396.0     0.138457  100.000000     0.000000   0.000000  0.00000      0.000000     0     0.000000     0
       105  395.0     0.137357  100.000000     0.000000   0.000000  0.00000      0.000000     0     0.000000     0
       106  394.0     0.136257  100.000000     0.000000   0.000000  0.00000      0.000000     0     0.000000     0
       107  393.0     0.135157  100.000000     0.000000   0.000000  0.00000      0.000000     0     0.000000     0
       108  392.0     0.134057  100.000000     0.000000   0.000000  0.00000      0.000000     0     0.000000     0
       109  391.0     0.132957  100.000000     0.000000   0.000000  0.00000      0.000000     0     0.000000     0
       110  390.0     0.131857  100.000000     0.000000   0.000000  0.00000      0.000000     0     0.000000     0
       111  389.0     0.130757  100.000000     0.000000   0.000000  0.00000      0.000000     0     0.000000     0
       112  388.0     0.129657  100.000000     0.000000   0.000000  0.00000      0.000000     0     0.000000     0
       113  387.0     0.128557  100.000000     0.000000   0.000000  0.00000      0.000000     0     0.000000     0
       114  386.0     0.127457  100.000000     0.000000   0.000000  0.00000      0.000000     0     0.000000     0
       115  385.0     0.126357  100.000000     0.000000   0.000000  0.00000      0.000000     0     0.000000     0
       116  384.0     0.125257  100.000000     0.000000   0.000000  0.00000      0.000000     0     0.000000     0
       117  383.0     0.124157  100.000000     0.000000   0.000000  0.00000      0.000000     0     0.000000     0
       118  382.0     0.123057  100.000000     0.000000   0.000000  0.00000      0.000000     0     0.000000     0
       119  381.0     0.121957  100.000000     0.000000   0.000000  0.00000      0.000000     0     0.000000     0
       120  380.0     0.120857  100.000000     0.000000   0.000000  0.00000      0.000000     0     0.000000     0
       121  379.0     0.119757  100.000000     0.000000   0.000000  0.00000      0.000000     0     0.000000     0
       122  378.0     0.118657  100.000000     0.000000   0.000000  0.00000      0.000000     0     0.000000     0
       123  377.0     0.117557  100.000000     0.000000   0.000000  0.00000      0.000000     0     0.000000     0
       124  376.0     0.116457  100.000000     0.000000   0.000000  0.00000      0.000000     0     0.000000     0
       125  375.0     0.115357  100.000000     0.000000   0.000000  0.00000      0.000000     0     0.000000     0
       126  374.0     0.114257  100.000000     0.000000   0.000000  0.00000      0.000000     0     0.000000     0
       127  373.0     0.113157  100.000000     0.000000   0.000000  0.00000      0.000000     0     0.000000     0
       128  372.0     0.112057  100.000000     0.000000   0.000000  0.00000      0.000000     0     0.000000     0
       129  371.0     0.110957  100.000000     0.000000   0.000000  0.00000      0.000000     0     0.000000     0
       130  370.0     0.109857  100.000000     0.000000   0.000000  0.00000      0.000000     0     0.000000     0
       131  369.0     0.108757  100.000000     0.000000   0.000000  0.00000      0.000000     0     0.000000     0
       132  368.0     0.107657  100.000000     0.000000   0.000000  0.00000      0.000000     0     0.000000     0
       133  367.0     0.106557  100.000000     0.000000   0.000000  0.00000      0.000000     0     0.000000     0
       134  366.0     0.105457  100.000000     0.000000   0.000000  0.00000      0.000000     0     0.000000     0
       135  365.0     0.104357  100.000000     0.000000   0.000000  0.00000      0.000000     0     0.000000     0
       136  364.0     0.103257  100.000000     0.000000   0.000000  0.00000      0.000000     0     0.000000     0
       137  363.0     0.102157  100.000000     0.000000   0.000000  0.00000      0.000000     0     0.000000     0
       138  362.0     0.101057  100.000000     0.000000   0.000000  0.00000      0.000000     0     0.000000     0
       139  361.0     0.099957  100.000000     0.000000   0.000000  0.00000      0.000000     0     0.000000     0
       140  360.0     0.098857  100.000000     0.000000   0.000000  0.00000      0.000000     0     0.000000     0
       141  359.0     0.097757  100.000000     0.000000   0.000000  0.00000      0.000000     0     0.000000     0
       142  358.0     0.100391  100.000000     0.000214   0.000000  0.00034      0.000000     0     0.000000     0
       143  357.0     0.108413  100.000000     0.001055   0.000000  0.00117      0.000000     0     0.000000     0
       144  356.0     0.122447  100.000000     0.002213   0.000000  0.00259      0.000000     0     0.000000     0
       145  355.0     0.141569  100.000000     0.005464   0.000000  0.00453      0.000000     0     0.000000     0
       146  354.0     0.162149  100.000000     0.008711   0.000000  0.00662      0.000000     0     0.000000     0
       147  353.0     0.187539  100.000000     0.013727   0.000000  0.00926      0.000000     0     0.000000     0
       148  352.0     0.222726  100.000000     0.021533   0.000000  0.01306      0.000000     0     0.000000     0
       149  351.0     0.263915  100.000000     0.032288   0.000000  0.01761      0.000000     0     0.000000     0
       150  350.0     0.308980  100.000000     0.044956   0.000000  0.02267      0.000000     0     0.000000     0
       151  349.0     0.359138  100.000000     0.056429   0.000000  0.02846      0.000000     0     0.000000     0
       152  348.0     0.412400  100.000000     0.068023   0.000000  0.03471      0.000000     0     0.000000     0
       153  347.0     0.471639  100.000000     0.086242   0.000000  0.04195      0.000000     0     0.000000     0
       154  346.0     0.535080  100.000000     0.107330   0.000000  0.04992      0.000000     0     0.000000     0
       155  345.0     0.602765  100.000000     0.130848   0.000000  0.05872      0.000000     0     0.000000     0
       156  344.0     0.673447  100.000000     0.153224   0.000000  0.06814      0.000000     0     0.000000     0
       157  343.0     0.746214  100.000000     0.175459   0.000000  0.07804      0.000000     0     0.000000     0
       158  342.0     0.820816  100.000000     0.196981   0.000000  0.08843      0.000000     0     0.000000     0
       159  341.0     0.898754  100.000000     0.218366   0.000000  0.09959      0.000000     0     0.000000     0
       160  340.0     0.983223  100.000000     0.235168   0.000000  0.11255      0.000000     0     0.000000     0
       161  339.0     1.071866  100.000000     0.254447   0.000000  0.12688      0.000000     0     0.000000     0
       162  338.0     1.163787  100.000000     0.270982   0.000000  0.14236      0.000000     0     0.000000     0
       163  337.0     1.257312  100.000000     0.282512   0.000000  0.15864      0.000000     0     0.000000     0
       164  336.0     1.353277  100.000000     0.292552   0.000000  0.17620      0.000000     0     0.000000     0
       165  335.0     1.451941  100.000000     0.303854   0.000000  0.19463      0.000000     0     0.000000     0
       166  334.0     1.551750  100.000000     0.314127   0.000000  0.21403      0.000000     0     0.000000     0
       167  333.5     1.600047  100.000000     0.317921   0.000000  0.22402      0.000000     0     0.000000     0
       167  333.0     1.650017  100.000000     0.321165   0.000000  0.23449      0.000000     0     0.000000     0
       168  332.5     1.699964  100.000000     0.325387   0.000000  0.24537      0.000000     0     0.000000     0
       168  332.0     1.749914  100.000000     0.329681   0.000000  0.25654      0.000000     0     0.000000     0
       169  331.5     1.799731  100.000000     0.334080   0.000000  0.26789      0.000000     0     0.000000     0
       169  331.0     1.849524  100.000000     0.336740   0.000000  0.27951      0.000000     0     0.000000     0
       170  330.5     1.899123  100.000000     0.340973   0.000000  0.29145      0.000000     0     0.000000     0
       170  330.0     1.948546  100.000000     0.345172   0.000000  0.30367      0.000000     0     0.000000     0
       171  329.5     1.997174  100.000000     0.346446   0.000000  0.31637      0.000000     0     0.000000     0
       171  329.0     2.044349  100.000000     0.346359   0.000000  0.32970      0.000000     0     0.000000     0
       172  328.5     2.090303  100.000000     0.345447   0.000000  0.34365      0.000000     0     0.000000     0
       172  328.0     2.135377  100.000000     0.345028   0.000000  0.35805      0.000000     0     0.000000     0
       173  327.5     2.178335  100.000000     0.345845   0.000000  0.37312      0.000000     0     0.000000     0
       173  327.0     2.219010  100.000000     0.346042   0.000000  0.38891      0.000000     0     0.000000     0
       174  326.5     2.258561  100.000000     0.347284   0.000000  0.40507      0.000000     0     0.000000     0
       174  326.0     2.296948  100.000000     0.348361   0.000000  0.42157      0.000000     0     0.000000     0
       175  325.5     2.333731  100.000000     0.349269   0.000000  0.43850      0.000000     0     0.000000     0
       175  325.0     2.368557  100.000000     0.350659   0.000000  0.45593      0.000000     0     0.000000     0
       176  324.5     2.402035  100.000000     0.352139   0.000000  0.47372      0.000000     0     0.000000     0
       176  324.0     2.433991  100.000000     0.353655   0.000000  0.49188      0.000000     0     0.000000     0
       177  323.5     2.464329  100.000000     0.354744   0.000000  0.51043      0.000000     0     0.000000     0
       177  323.0     2.493693  100.000000     0.356717   0.000000  0.52936      0.000000     0     0.000000     0
       178  322.5     2.521114  100.000000     0.359236   0.000000  0.54866      0.000000     0     0.000000     0
       178  322.0     2.547430  100.000000     0.361891   0.000000  0.56822      0.000000     0     0.000000     0
       179  321.5     2.571890  100.000000     0.363722   0.000000  0.58815      0.000000     0     0.000000     0
       179  321.3     2.580660  100.000000     0.364438   0.000000  0.59801      0.000000     0     0.000000     0
       179  321.0     2.591940  100.000000     0.365454   0.000000  0.60814      0.000000     0     0.000000     0
       179  320.8     2.602613  100.000000     0.366381   0.000000  0.61838      0.000000     0     0.000000     0
       180  320.5     2.613019  100.000000     0.367120   0.000000  0.62866      0.000000     0     0.000000     0
       180  320.3     2.622775  100.000000     0.367721   0.000000  0.63905      0.000000     0     0.000000     0
       180  320.0     2.632114  100.000000     0.368181   0.000000  0.64951      0.000000     0     0.000000     0
       180  319.8     2.641489  100.000000     0.368660   0.000000  0.65999      0.000000     0     0.000000     0
       181  319.5     2.650884  100.000000     0.369099   0.000000  0.67047      0.000000     0     0.000000     0
       181  319.3     2.660281  100.000000     0.369537   0.000000  0.68096      0.000000     0     0.000000     0
       181  319.0     2.669685  100.000000     0.370065   0.000000  0.69145      0.000000     0     0.000000     0
       181  318.8     2.679102  100.000000     0.370579   0.000000  0.70195      0.000000     0     0.000000     0
       182  318.5     2.688522  100.000000     0.371092   0.000000  0.71245      0.000000     0     0.000000     0
       182  318.3     2.697952  100.000000     0.371653   0.000000  0.72296      0.000000     0     0.000000     0
       182  318.0     2.707384  100.000000     0.372215   0.000000  0.73348      0.000000     0     0.000000     0
       182  317.8     2.716819  100.000000     0.372800   0.000000  0.74400      0.000000     0     0.000000     0
       183  317.5     2.726255  100.000000     0.373242   0.000000  0.75453      0.000000     0     0.000000     0
       183  317.3     2.735692  100.000000     0.373627   0.000000  0.76506      0.000000     0     0.000000     0
       183  317.0     2.745126  100.000000     0.373995   0.000000  0.77560      0.000000     0     0.000000     0
       183  316.8     2.754556  100.000000     0.374380   0.000000  0.78615      0.000000     0     0.000000     0
       184  316.5     2.763981  100.000000     0.374744   0.000000  0.79670      0.000000     0     0.000000     0
       184  316.3     2.773400  100.000000     0.374973   0.000000  0.80727      0.000000     0     0.000000     0
       184  316.0     2.782789  100.000000     0.375146   0.000000  0.81785      0.000000     0     0.000000     0
       184  315.8     2.792167  100.000000     0.375433   0.000000  0.82844      0.000000     0     0.000000     0
       185  315.5     2.801534  100.000000     0.375759   0.000000  0.83903      0.000000     0     0.000000     0
       185  315.3     2.810889  100.000000     0.376066   0.000000  0.84964      0.000000     0     0.000000     0
       185  315.0     2.820221  100.000000     0.376420   0.000000  0.86025      0.000000     0     0.000000     0
       185  314.8     2.829555  100.000000     0.376773   0.000000  0.87086      0.000000     0     0.000000     0
       186  314.5     2.838862  100.000000     0.377069   0.000000  0.88149      0.000000     0     0.000000     0
       186  314.3     2.848160  100.000000     0.377301   0.000000  0.89212      0.000000     0     0.000000     0
       186  314.0     2.857437  100.000000     0.377380   0.000000  0.90275      0.000000     0     0.000000     0
       186  313.8     2.866667  100.000000     0.377572   0.000000  0.91340      0.000000     0     0.000000     0
       187  313.5     2.875885  100.000000     0.377827   0.000000  0.92405      0.000000     0     0.000000     0
       187  313.3     2.885064  100.000000     0.378108   0.000000  0.93471      0.000000     0     0.000000     0
       187  313.0     2.894230  100.000000     0.378324   0.000000  0.94537      0.000000     0     0.000000     0
       187  312.8     2.903367  100.000000     0.378454   0.000000  0.95605      0.000000     0     0.000000     0
       188  312.5     2.912392  100.000000     0.378270   0.000000  0.96674      0.000000     0     0.000000     0
       188  312.3     2.921367  100.000000     0.378006   0.000000  0.97745      0.000000     0     0.000000     0
       188  312.0     2.930255  100.000000     0.377674   0.000000  0.98817      0.000000     0     0.000000     0
       188  311.8     2.938871  100.000000     0.377354   0.000000  0.99875      0.000000     0     0.000000     0
       189  311.5     2.939688  100.000000     0.377327   0.000000  1.00000      0.000000     0     0.000000     0
       189  311.3     2.939523  100.000000     0.377327   0.000000  1.00000      0.000000     0     0.000000     0
       189  311.0     2.939358  100.000000     0.377327   0.000000  1.00000      0.000000     0     0.000000     0
       189  310.8     2.939193  100.000000     0.377327   0.000000  1.00000      0.000000     0     0.000000     0
       190  310.5     2.939028  100.000000     0.377327   0.000000  1.00000      0.000000     0     0.000000     0
       190  310.3     2.938863  100.000000     0.377327   0.000000  1.00000      0.000000     0     0.000000     0
       190  310.0     2.938698  100.000000     0.377327   0.000000  1.00000      0.000000     0     0.000000     0
       190  309.8     2.938533  100.000000     0.377327   0.000000  1.00000      0.000000     0     0.000000     0
       191  309.5     2.938368  100.000000     0.377327   0.000000  1.00000      0.000000     0     0.000000     0
       191  309.3     2.938203  100.000000     0.377327   0.000000  1.00000      0.000000     0     0.000000     0
       191  309.0     2.938038  100.000000     0.377327   0.000000  1.00000      0.000000     0     0.000000     0
       191  308.8     2.937873  100.000000     0.377327   0.000000  1.00000      0.000000     0     0.000000     0
       192  308.5     2.937708  100.000000     0.377327   0.000000  1.00000      0.000000     0     0.000000     0
       192  308.3     2.937543  100.000000     0.377327   0.000000  1.00000      0.000000     0     0.000000     0
       192  308.0     2.937378  100.000000     0.377327   0.000000  1.00000      0.000000     0     0.000000     0
       192  307.8     2.937213  100.000000     0.377327   0.000000  1.00000      0.000000     0     0.000000     0
       193  307.5     2.937048  100.000000     0.377327   0.000000  1.00000      0.000000     0     0.000000     0
       193  307.3     2.936883  100.000000     0.377327   0.000000  1.00000      0.000000     0     0.000000     0
       193  307.0     2.936718  100.000000     0.377327   0.000000  1.00000      0.000000     0     0.000000     0
       193  306.8     2.936553  100.000000     0.377327   0.000000  1.00000      0.000000     0     0.000000     0
       194  306.5     2.936388  100.000000     0.377327   0.000000  1.00000      0.000000     0     0.000000     0
       194  306.3     2.936223  100.000000     0.377327   0.000000  1.00000      0.000000     0     0.000000     0
       194  306.0     2.936058  100.000000     0.377327   0.000000  1.00000      0.000000     0     0.000000     0
       194  305.8     2.935893  100.000000     0.377327   0.000000  1.00000      0.000000     0     0.000000     0
       195  305.5     2.935728  100.000000     0.377327   0.000000  1.00000      0.000000     0     0.000000     0
       195  305.3     2.935563  100.000000     0.377327   0.000000  1.00000      0.000000     0     0.000000     0
       195  305.0     2.935398  100.000000     0.377327   0.000000  1.00000      0.000000     0     0.000000     0
       195  304.8     2.935233  100.000000     0.377327   0.000000  1.00000      0.000000     0     0.000000     0
       196  304.5     2.935068  100.000000     0.377327   0.000000  1.00000      0.000000     0     0.000000     0
       196  304.3     2.934903  100.000000     0.377327   0.000000  1.00000      0.000000     0     0.000000     0
       196  304.0     2.934738  100.000000     0.377327   0.000000  1.00000      0.000000     0     0.000000     0
       196  303.8     2.934573  100.000000     0.377327   0.000000  1.00000      0.000000     0     0.000000     0
       197  303.5     2.934408  100.000000     0.377327   0.000000  1.00000      0.000000     0     0.000000     0
       197  303.3     2.934243  100.000000     0.377327   0.000000  1.00000      0.000000     0     0.000000     0
       197  303.0     2.934078  100.000000     0.377327   0.000000  1.00000      0.000000     0     0.000000     0
       197  302.8     2.933913  100.000000     0.377327   0.000000  1.00000      0.000000     0     0.000000     0
       198  302.5     2.933748  100.000000     0.377327   0.000000  1.00000      0.000000     0     0.000000     0
       198  302.3     2.933583  100.000000     0.377327   0.000000  1.00000      0.000000     0     0.000000     0
       198  302.0     2.933418  100.000000     0.377327   0.000000  1.00000      0.000000     0     0.000000     0
       198  301.8     2.933253  100.000000     0.377327   0.000000  1.00000      0.000000     0     0.000000     0
       199  301.5     2.933088  100.000000     0.377327   0.000000  1.00000      0.000000     0     0.000000     0
       199  301.3     2.932923  100.000000     0.377327   0.000000  1.00000      0.000000     0     0.000000     0
       199  301.0     2.932758  100.000000     0.377327   0.000000  1.00000      0.000000     0     0.000000     0
       199  300.8     2.932593  100.000000     0.377327   0.000000  1.00000      0.000000     0     0.000000     0
       200  300.5     2.932428  100.000000     0.377327   0.000000  1.00000      0.000000     0     0.000000     0
       200  300.3     2.932263  100.000000     0.377327   0.000000  1.00000      0.000000     0     0.000000     0
       200  300.0     2.932098  100.000000     0.377327   0.000000  1.00000      0.000000     0     0.000000     0
       201  301.0     2.932758  100.000000     0.377327   0.000000  1.00000      0.000000     0     0.000000     0
       202  302.0     2.933418  100.000000     0.377327   0.000000  1.00000      0.000000     0     0.000000     0
       203  303.0     2.934078  100.000000     0.377327   0.000000  1.00000      0.000000     0     0.000000     0
       204  304.0     2.934738  100.000000     0.377327   0.000000  1.00000      0.000000     0     0.000000     0
       205  305.0     2.935398  100.000000     0.377327   0.000000  1.00000      0.000000     0     0.000000     0
       206  306.0     2.936058  100.000000     0.377327   0.000000  1.00000      0.000000     0     0.000000     0
       207  307.0     2.936718  100.000000     0.377327   0.000000  1.00000      0.000000     0     0.000000     0
       208  308.0     2.937378  100.000000     0.377327   0.000000  1.00000      0.000000     0     0.000000     0
       209  309.0     2.938038  100.000000     0.377327   0.000000  1.00000      0.000000     0     0.000000     0
       210  310.0     2.938698  100.000000     0.377327   0.000000  1.00000      0.000000     0     0.000000     0
       211  311.0     2.939358  100.000000     0.377327   0.000000  1.00000      0.000000     0     0.000000     0
       212  312.0     2.940018  100.000000     0.377327   0.000000  1.00000      0.000000     0     0.000000     0
       213  313.0     2.940678  100.000000     0.377327   0.000000  1.00000      0.000000     0     0.000000     0
       214  314.0     2.941338  100.000000     0.377327   0.000000  1.00000      0.000000     0     0.000000     0
       215  315.0     2.941998  100.000000     0.377327   0.000000  1.00000      0.000000     0     0.000000     0
       216  316.0     2.942658  100.000000     0.377327   0.000000  1.00000      0.000000     0     0.000000     0
       217  317.0     2.943318  100.000000     0.377327   0.000000  1.00000      0.000000     0     0.000000     0
       218  318.0     2.943978  100.000000     0.377327   0.000000  1.00000      0.000000     0     0.000000     0
       219  319.0     2.944638  100.000000     0.377327   0.000000  1.00000      0.000000     0     0.000000     0
       220  320.0     2.945298  100.000000     0.377327   0.000000  1.00000      0.000000     0     0.000000     0
       221  321.0     2.945958  100.000000     0.377327   0.000000  1.00000      0.000000     0     0.000000     0
       222  322.0     2.946618  100.000000     0.377327   0.000000  1.00000      0.000000     0     0.000000     0
       223  323.0     2.947278  100.000000     0.377327   0.000000  1.00000      0.000000     0     0.000000     0
       224  324.0     2.947938  100.000000     0.377327   0.000000  1.00000      0.000000     0     0.000000     0
       225  325.0     2.948598  100.000000     0.377327   0.000000  1.00000      0.000000     0     0.000000     0
       226  326.0     2.949258  100.000000     0.377327   0.000000  1.00000      0.000000     0     0.000000     0
       227  327.0     2.949918  100.000000     0.377327   0.000000  1.00000      0.000000     0     0.000000     0
       228  328.0     2.950578  100.000000     0.377327   0.000000  1.00000      0.000000     0     0.000000     0
       229  329.0     2.951238  100.000000     0.377327   0.000000  1.00000      0.000000     0     0.000000     0
       230  330.0     2.951898  100.000000     0.377327   0.000000  1.00000      0.000000     0     0.000000     0
       231  331.0     2.952558  100.000000     0.377327   0.000000  1.00000      0.000000     0     0.000000     0
       232  332.0     2.947820  100.000000     0.377327   0.000000  0.98824      0.000000     0     0.000000     0
       233  333.0     2.930129  100.000000     0.377327   0.000000  0.94820      0.000000     0     0.000000     0
       234  334.0     2.912473  100.000000     0.377327   0.000000  0.90816      0.000000     0     0.000000     0
       235  335.0     2.894853  100.000000     0.377327   0.000000  0.86812      0.000000     0     0.000000     0
       236  336.0     2.877268  100.000000     0.377327   0.000000  0.82808      0.000000     0     0.000000     0
       237  337.0     2.859719  100.000000     0.377327   0.000000  0.78805      0.000000     0     0.000000     0
       238  338.0     2.842204  100.000000     0.377327   0.000000  0.74801      0.000000     0     0.000000     0
       239  339.0     2.824725  100.000000     0.377327   0.000000  0.70797      0.000000     0     0.000000     0
       240  340.0     2.807281  100.000000     0.377327   0.000000  0.66793      0.000000     0     0.000000     0
       241  341.0     2.786842  100.000000     0.377195   0.000000  0.62835      0.000000     0     0.000000     0
       242  342.0     2.759095  100.000000     0.376784   0.000000  0.58991      0.000000     0     0.000000     0
       243  343.0     2.724404  100.000000     0.375759   0.000000  0.55265      0.000000     0     0.000000     0
       244  344.0     2.683032  100.000000     0.376455   0.000000  0.51661      0.000000     0     0.000000     0
       245  345.0     2.634932  100.000000     0.378293   0.000000  0.48193      0.000000     0     0.000000     0
       246  346.0     2.580034  100.000000     0.380855   0.000000  0.44876      0.000000     0     0.000000     0
       247  347.0     2.518433  100.000000     0.383630   0.000000  0.41723      0.000000     0     0.000000     0
       248  348.0     2.450589  100.000000     0.387408   0.000000  0.38746      0.000000     0     0.000000     0
       249  349.0     2.374953  100.000000     0.394036   0.000000  0.36014      0.000000     0     0.000000     0
       250  350.0     2.293840  100.000000     0.397967   0.000000  0.33487      0.000000     0     0.000000     0
       251  351.0     2.208627  100.000000     0.393870   0.000000  0.31136      0.000000     0     0.000000     0
       252  352.0     2.121649  100.000000     0.390523   0.000000  0.28882      0.000000     0     0.000000     0
       253  353.0     2.033476  100.000000     0.384143   0.000000  0.26709      0.000000     0     0.000000     0
       254  354.0     1.944314  100.000000     0.379586   0.000000  0.24640      0.000000     0     0.000000     0
       255  355.0     1.854355  100.000000     0.373200   0.000000  0.22697      0.000000     0     0.000000     0
       256  356.0     1.764228  100.000000     0.364481   0.000000  0.20846      0.000000     0     0.000000     0
       257  357.0     1.674260  100.000000     0.355115   0.000000  0.19063      0.000000     0     0.000000     0
       258  358.0     1.584769  100.000000     0.346839   0.000000  0.17353      0.000000     0     0.000000     0
       259  359.0     1.496496  100.000000     0.335685   0.000000  0.15758      0.000000     0     0.000000     0
       260  360.0     1.409203  100.000000     0.320009   0.000000  0.14229      0.000000     0     0.000000     0
       261  361.0     1.323792  100.000000     0.301149   0.000000  0.12795      0.000000     0     0.000000     0
       262  362.0     1.240577  100.000000     0.283913   0.000000  0.11455      0.000000     0     0.000000     0
       263  363.0     1.162651  100.000000     0.263777   0.000000  0.10310      0.000000     0     0.000000     0
       264  364.0     1.087160  100.000000     0.242853   0.000000  0.09243      0.000000     0     0.000000     0
       265  365.0     1.013355  100.000000     0.221006   0.000000  0.08224      0.000000     0     0.000000     0
       266  366.0     0.941432  100.000000     0.198556   0.000000  0.07252      0.000000     0     0.000000     0
       267  367.0     0.871220  100.000000     0.176317   0.000000  0.06319      0.000000     0     0.000000     0
       268  368.0     0.804460  100.000000     0.152609   0.000000  0.05457      0.000000     0     0.000000     0
       269  369.0     0.741208  100.000000     0.131564   0.000000  0.04662      0.000000     0     0.000000     0
       270  370.0     0.681624  100.000000     0.112697   0.000000  0.03931      0.000000     0     0.000000     0
       271  371.0     0.627896  100.000000     0.101153   0.000000  0.03297      0.000000     0     0.000000     0
       272  372.0     0.576906  100.000000     0.089529   0.000000  0.02706      0.000000     0     0.000000     0
       273  373.0     0.530051  100.000000     0.076942   0.000000  0.02174      0.000000     0     0.000000     0
       274  374.0     0.487183  100.000000     0.065334   0.000000  0.01697      0.000000     0     0.000000     0
       275  375.0     0.448239  100.000000     0.056019   0.000000  0.01270      0.000000     0     0.000000     0
       276  376.0     0.416802  100.000000     0.048804   0.000000  0.00935      0.000000     0     0.000000     0
       277  377.0     0.392782  100.000000     0.044660   0.000000  0.00687      0.000000     0     0.000000     0
       278  378.0     0.372651  100.000000     0.041450   0.000000  0.00482      0.000000     0     0.000000     0
       279  379.0     0.353596  100.000000     0.038220   0.000000  0.00289      0.000000     0     0.000000     0
       280  380.0     0.339514  100.000000     0.037024   0.000000  0.00146      0.000000     0     0.000000     0
       281  381.0     0.330131  100.000000     0.036096   0.000000  0.00049      0.000000     0     0.000000     0
       282  382.0     0.326430  100.000000     0.035818   0.000000  0.00006      0.000000     0     0.000000     0
       283  383.0     0.326853  100.000000     0.035769   0.000000  0.00000      0.000000     0     0.000000     0
       284  384.0     0.327953  100.000000     0.035769   0.000000  0.00000      0.000000     0     0.000000     0
       285  385.0     0.329053  100.000000     0.035769   0.000000  0.00000      0.000000     0     0.000000     0
       286  386.0     0.330153  100.000000     0.035769   0.000000  0.00000      0.000000     0     0.000000     0
       287  387.0     0.331253  100.000000     0.035769   0.000000  0.00000      0.000000     0     0.000000     0
       288  388.0     0.332353  100.000000     0.035769   0.000000  0.00000      0.000000     0     0.000000     0
       289  389.0     0.333453  100.000000     0.035769   0.000000  0.00000      0.000000     0     0.000000     0
       290  390.0     0.334553  100.000000     0.035769   0.000000  0.00000      0.000000     0     0.000000     0
       291  391.0     0.335653  100.000000     0.035769   0.000000  0.00000      0.000000     0     0.000000     0
       292  392.0     0.336753  100.000000     0.035769   0.000000  0.00000      0.000000     0     0.000000     0
       293  393.0     0.337853  100.000000     0.035769   0.000000  0.00000      0.000000     0     0.000000     0
       294  394.0     0.338953  100.000000     0.035769   0.000000  0.00000      0.000000     0     0.000000     0
       295  395.0     0.340053  100.000000     0.035769   0.000000  0.00000      0.000000     0     0.000000     0
       296  396.0     0.341153  100.000000     0.035769   0.000000  0.00000      0.000000     0     0.000000     0
       297  397.0     0.342253  100.000000     0.035769   0.000000  0.00000      0.000000     0     0.000000     0
       298  398.0     0.343353  100.000000     0.035769   0.000000  0.00000      0.000000     0     0.000000     0
       299  399.0     0.344453  100.000000     0.035769   0.000000  0.00000      0.000000     0     0.000000     0
       300  400.0     0.345553  100.000000     0.035769   0.000000  0.00000      0.000000     0     0.000000     0